0.678156557	0.071626242	0.664629008
0.089254556	0.219410887	0.199840076
0.067386501	0.081805188	0.766319416
0.429816333	0.810845189	0.276475597
0.504308915	0.575287479	0.669796834
0.614082759	0.028448704	0.500972587
0.27500557	0.939665155	0.051259036
0.121113363	0.788213116	0.943611573
0.53424692	0.419830691	0.281520193
0.493325148	0.941705716	0.076381642
0.667738338	0.109037912	0.357411918
0.770960797	0.5212644	0.009105593
0.181481221	0.010852076	0.657483416
0.967860957	0.192960834	0.725160386
0.262087152	0.259436819	0.996941722
0.673183014	0.820748298	0.418419075
0.594002482	0.108847865	0.015136556
0.399203233	0.827500985	0.363820811
0.563743061	0.365906281	0.588942693
0.154150247	0.558273052	0.826613473
0.386606956	0.515371255	0.360500448
0.928103352	0.819784747	0.220590854
0.664810058	0.273894935	0.124042609
0.493306368	0.516460272	0.437656152
0.608863223	0.723054096	0.708276144
0.660417608	0.124257639	0.67990665
0.884491611	0.23448563	0.445844345
0.459128059	0.290809365	0.930865483
0.530142297	0.730032426	0.532552178
0.951047998	0.739254614	0.631703666
0.415093654	0.874012793	0.09668418
0.053305809	0.248120046	0.410470463
0.730584029	0.443331426	0.65390835
0.955484569	0.979764863	0.601864577
0.039061378	0.286372521	0.0039915
0.804410325	0.336310832	0.07073259
0.500020996	0.52413357	0.916329201
0.580792257	0.798207298	0.230423131
0.855033267	0.349402729	0.553822168
0.869369355	0.430162995	0.762947765
0.273261745	0.150927604	0.905154321
0.888570762	0.627658346	0.02094014
0.516122436	0.785013612	0.025859221
0.345854292	0.705809236	0.660658803
0.655091597	0.075679917	0.671638103
0.025087057	0.944010098	0.743187853
0.063888133	0.827827872	0.225402889
0.398843683	0.570526425	0.680331838
0.949475708	0.513596098	0.616156567
0.971076572	0.019992588	0.570187552
0.215952273	0.32085256	0.984209595
0.167358556	0.362898152	0.599215159
0.949813003	0.614341778	0.558590507
0.469470477	0.860706744	0.126666627
0.160699134	0.053148793	0.83504403
0.615652757	0.371236376	0.378652148
0.401120694	0.864907301	0.618051881
0.41526855	0.70379105	0.564524946
0.901747274	0.595826496	0.162241427
0.812837093	0.131900684	0.82172663
0.80470899	0.205177128	0.04838443
0.201548201	0.427792285	0.692283665
0.014564684	0.876549099	0.896697301
0.184192413	0.920061204	0.941880141
0.383997277	0.768353176	0.238645086
0.453374118	0.804945582	0.553336305
0.481454933	0.355421976	0.640953303
0.647884814	0.92594311	0.060533702
0.397343104	0.442911936	0.515042531
0.78915799	0.369636994	0.009162125
0.506661299	0.939542498	0.354608978
0.793437172	0.240269898	0.898369159
0.569531253	0.585760307	0.536070362
0.862415976	0.993990582	0.674016149
0.622154365	0.745416682	0.142503221
0.742009467	0.817498824	0.313227661
0.204424148	0.374361582	0.234433403
0.048741763	0.765493246	0.936600957
0.080865259	0.772172254	0.450194455
0.964241306	0.298697205	0.544921854
0.320251236	0.115529579	0.325826159
0.640200251	0.085781267	0.819548331
0.870391778	0.224690657	0.996772371
0.427508863	0.062441957	0.411836158
0.542284172	0.254713495	0.662996598
0.600191608	0.693776061	0.623187203
0.160286016	0.848031525	0.217185293
0.550116654	0.435407046	0.781226121
0.76149361	0.015583639	0.345868981
0.761012341	0.640724356	0.033861167
0.858783827	0.753818755	0.011777267
0.80940783	0.773735331	0.230919552
0.227960892	0.063117739	0.799957412
0.645242886	0.669594986	0.238912215
0.632132319	0.772441211	0.669347571
0.069695452	0.432408307	0.458474339
0.11228027	0.536201249	0.712587171
0.597029662	0.736425158	0.70242504
0.00165769	0.330890192	0.458051245
0.342507411	0.486945603	0.820813801
0.453955993	0.338708706	0.092654504
0.768460487	0.205736063	0.575258324
0.530676656	0.304280195	0.766487411
0.664821112	0.885012885	0.347023093
0.174891742	0.225456555	0.218457362
0.591405681	0.237476253	0.165063133
0.367338019	0.980592019	0.713377369
0.655718191	0.842197641	0.381965798
0.272985981	0.291031293	0.089381855
0.984816501	0.684213685	0.44878837
0.212519615	0.274820278	0.38307113
0.63029599	0.927338168	0.750510904
0.713403628	0.364600364	0.202728683
0.613983288	0.60951574	0.920742933
0.110848023	0.120256229	0.037057114
0.106668188	0.516794252	0.904223891
0.697923353	0.300275123	0.223560952
0.95237436	0.319800131	0.895651263
0.782937834	0.282764309	0.461324708
0.005027281	0.561538611	0.109626298
0.866890942	0.985341982	0.214370436
0.206601665	0.310017803	0.052480338
0.148931625	0.525853977	0.802244483
0.076515228	0.930107919	0.007940911
0.332416076	0.5509241	0.304297624
0.714436475	0.179767918	0.713918729
0.617259227	0.718508311	0.451121996
0.153815761	0.073751136	0.244683826
0.027462336	0.345292606	0.449026441
0.512441789	0.689439913	0.622493605
0.908465162	0.965470579	0.640029414
0.000894586	0.000864321	0.993912237
0.078853274	0.091148083	0.802286965
0.271296521	0.440022861	0.550609604
0.955369258	0.288450533	0.346494393
0.760190392	0.481975466	0.595059948
0.392615615	0.080083634	0.69811554
0.963019307	0.107211196	0.599958086
0.425682658	0.392641583	0.616360203
0.42853664	0.818567204	0.571750649
0.121037558	0.429158249	0.404392478
0.911097401	0.751168806	0.046371541
0.797301329	0.981677487	0.947087558
0.830753203	0.743981678	0.454695814
0.323590546	0.615306713	0.351731984
0.181922253	0.054832575	0.892786226
0.971208715	0.319933659	0.276652122
0.340898336	0.780225803	0.472390844
0.677109608	0.825578741	0.44576319
0.740564345	0.75268193	0.343402995
0.509225839	0.275702001	0.240188388
0.309422214	0.68720777	0.241785002
0.236636424	0.141428237	0.437950792
0.079552376	0.192764511	0.570150184
0.811109556	0.207594721	0.791677232
0.093013508	0.649509452	0.422769765
0.101544877	0.326855942	0.084324908
0.068443793	0.894287003	0.261850746
0.144737448	0.944917119	0.184850869
0.640567724	0.611285685	0.101300761
0.347128089	0.488539727	0.07109018
0.801126732	0.267199141	0.684750389
0.048200159	0.867404513	0.951695274
0.50553839	0.818099183	0.017020932
0.132645626	0.599302919	0.20381377
0.223841925	0.795486619	0.825135108
0.160820756	0.454602988	0.22210514
0.152589404	0.564672629	0.946882963
0.786015632	0.244590448	0.366312844
0.659508297	0.19403092	0.159848215
0.19714444	0.816280291	0.752049547
0.895638394	0.918874392	0.907496783
0.471188824	0.034015661	0.312179417
0.241584205	0.348437676	0.34383187
0.409871864	0.646278869	0.501358273
0.451852153	0.798988972	0.803088899
0.720160507	0.795462498	0.261126225
0.444542813	0.048909908	0.99013831
0.652622823	0.074159574	0.819814755
0.661164341	0.963272726	0.118402567
0.491809241	0.508116946	0.909035792
0.059640169	0.4109507	0.398365594
0.649411534	0.060105763	0.518006653
0.394045492	0.920761883	0.526147842
0.481632357	0.581659839	0.595145358
0.288800625	0.417644154	0.80650016
0.054441897	0.472442906	0.29588628
0.111994151	0.492356086	0.338714869
0.507152645	0.632322188	0.126444471
0.264074296	0.582940681	0.912908644
0.683259568	0.088359895	0.127687575
0.235242723	0.358567849	0.328029437
0.609413956	0.917092672	0.62036094
0.654380389	0.121394473	0.767800255
0.690579176	0.025380936	0.223883866
0.041031159	0.073283261	0.753373169
0.797576549	0.566422214	0.901093786
0.626963448	0.809389172	0.739552264
0.127850675	0.366141158	0.429683172
0.571015023	0.879043527	0.118007407
0.09765474	0.760734335	0.715776127
0.257396027	0.680384035	0.772649847
0.360144896	0.810511317	0.829575303
0.785719982	0.136510914	0.73815084
0.32148555	0.404731692	0.224305234
0.190493815	0.175730644	0.559592741
0.892073831	0.284528182	0.814351669
0.792627412	0.389904168	0.606188118
0.236016109	0.152873834	0.259257625
0.712597244	0.909157649	0.528070309
0.906396621	0.43064191	0.220875078
0.729253273	0.803206376	0.345096019
0.749719338	0.021882669	0.275486942
0.46521174	0.169948244	0.893066318
0.31963423	0.021481609	0.073035671
0.210982973	0.681032815	0.39030746
0.671371012	0.782147998	0.287111116
0.633143059	0.119834706	0.785530435
0.828685683	0.138270289	0.050926966
0.199622853	0.257253543	0.444935041
0.741966714	0.571554405	0.425335499
0.352512437	0.623640103	0.224113973
0.15867104	0.766387726	0.652489475
0.138491479	0.660846994	0.982989119
0.674169453	0.09280646	0.321876829
0.648796214	0.573871729	0.172055475
0.454429218	0.475620092	0.516947174
0.389970912	0.915127294	0.034801792
0.056347868	0.069366294	0.042294053
0.296540373	0.443834121	0.30464449
0.735745604	0.334128335	0.037151386
0.389246816	0.949823881	0.779726972
0.439448825	0.059189206	0.145917922
0.700410212	0.203384563	0.563144254
0.52214168	0.390859528	0.058613584
0.712530997	0.296323365	0.985455584
0.287998029	0.212265158	0.927288892
0.077483584	0.842592344	0.464280615
0.425138603	0.806898344	0.58580451
0.88358881	0.997297328	0.409243488
0.526981668	0.253655551	0.04053039
0.116982083	0.782522725	0.113275531
0.661021559	0.87152769	0.939222132
0.900034653	0.831201047	0.233352456
0.200575635	0.374302399	0.23050172
0.640164544	0.087521467	0.752501902
0.891956108	0.129823487	0.135244899
0.11776677	0.332045235	0.459310216
0.475726404	0.700120208	0.901881158
0.57758026	0.566940004	0.046791202
0.176088512	0.672432621	0.361020869
0.517239455	0.768087269	0.305756214
0.743102965	0.457016492	0.967582512
0.99631767	0.279620372	0.6622134
0.00096755	0.514491156	0.986754112
0.105635258	0.941632226	0.041975545
0.05219483	0.986121277	0.380743784
0.470102629	0.602863886	0.35207172
0.588330588	0.534490444	0.030022967
0.505323232	0.706884172	0.347744351
0.682251902	0.745720445	0.32292489
0.242974598	0.981590806	0.75605583
0.689375589	0.491511922	0.601127947
0.78750215	0.970020903	0.924356271
0.538812286	0.542805592	0.595565206
0.969775062	0.600769992	0.965518707
0.753417965	0.888173868	0.296652683
0.309472186	0.78658048	0.165369457
0.45050423	0.845028324	0.386928886
0.879123897	0.286676803	0.671467238
0.383903603	0.043970517	0.260320069
0.617166629	0.640547826	0.892314902
0.049608109	0.032344251	0.509437723
0.718231512	0.772005509	0.933551838
0.626049924	0.352051925	0.947317918
0.42761831	0.892725823	0.836715439
0.392275639	0.13667347	0.003829901
0.43178992	0.120757929	0.204549616
0.548274069	0.226756159	0.354633312
0.985044534	0.259301321	0.162659901
0.308509317	0.551465031	0.349733882
0.178478721	0.776555732	0.627732658
0.132318276	0.507778179	0.259514562
0.180218892	0.596807735	0.538305187
0.816791902	0.425692683	0.003958451
0.01744089	0.7203437	0.443363485
0.737203487	0.787522623	0.971780123
0.094099445	0.319810919	0.55286671
0.080213416	0.337110284	0.62036566
0.664418889	0.477091805	0.53101306
0.00747589	0.036343986	0.273087652
0.74019417	0.642578045	0.789698239
0.119349768	0.218734715	0.495332255
0.984096931	0.99944446	0.489908546
0.802655856	0.014853218	0.894540527
0.482913214	0.821286863	0.68602147
0.672776173	0.434472206	0.450002271
0.873571994	0.905216094	0.541593909
0.654968344	0.812406375	0.500177188
0.674588165	0.064407959	0.297952832
0.772391152	0.293613409	0.762764553
0.572020426	0.562414369	0.753262761
0.000776755	0.711121838	0.557314933
0.276212492	0.114035903	0.560131276
0.250791059	0.53855168	0.698634083
0.744406257	0.088676549	0.877060144
0.550178862	0.406173713	0.062418403
0.80267659	0.091070233	0.670521274
0.589321779	0.12625913	0.672923161
0.156605147	0.769863658	0.671022077
0.724335371	0.106078732	0.468009337
0.39089782	0.663253973	0.251165998
0.423135834	0.105478014	0.498897299
0.140453429	0.928299216	0.933745474
0.619579338	0.312817694	0.013078005
0.184619592	0.6059296	0.58456414
0.129674215	0.00737465	0.625546901
0.538899884	0.722028863	0.461661631
0.918066861	0.728030938	0.204505533
0.557002507	0.140426303	0.949601081
0.361677353	0.486429893	0.356251554
0.157663338	0.877933283	0.576968666
0.048197788	0.138257883	0.493699971
0.493619271	0.686353425	0.120224423
0.516499412	0.134462883	0.46305453
0.526979533	0.23553937	0.175402485
0.787133713	0.841796963	0.17215058
0.991332124	0.219313868	0.02006184
0.271585074	0.615879071	0.781467962
0.526220318	0.010033516	0.248858154
0.305693679	0.762226101	0.768312713
0.980836384	0.092232266	0.562518969
0.422069557	0.977863025	0.732865394
0.87824312	0.881531139	0.28795274
0.020214746	0.242545834	0.783996295
0.380610911	0.467324436	0.916254183
0.781827168	0.289761359	0.45902153
0.430380137	0.86098134	0.713875576
0.425792698	0.044261033	0.731471818
0.985464647	0.840311969	0.047822115
0.5652225	0.3494696	0.777876229
0.89249762	0.795112396	0.150003369
0.890218882	0.191093637	0.65039505
0.744187229	0.432306248	0.257706475
0.167822385	0.884539392	0.565842107
0.820612801	0.385397294	0.518366972
0.934117224	0.076116794	0.84156461
0.826030659	0.360899384	0.968449629
0.755461831	0.314120885	0.703577293
0.65056963	0.716352545	0.974776123
0.783780338	0.790357145	0.882554333
0.321452643	0.853584129	0.350826625
0.712138208	0.131410356	0.840662525
0.536832755	0.454400478	0.633532455
0.5231634	0.666144602	0.643871571
0.295623279	0.160738692	0.734915344
0.10216665	0.513616346	0.924860038
0.896533843	0.103315712	0.00901303
0.582697862	0.153946611	0.31880973
0.683202934	0.002825334	0.697321567
0.827886522	0.614872819	0.431831949
0.690277709	0.465560507	0.481784701
0.997078986	0.70858111	0.992936149
0.167333255	0.238187372	0.259411695
0.811532577	0.270042318	0.287099473
0.295358512	0.83399198	0.636742775
0.70563685	0.339031039	0.387686738
0.941935389	0.827007867	0.678607034
0.415726356	0.260627642	0.935780667
0.741021378	0.481767078	0.350502483
0.018523095	0.456447901	0.730187376
0.616569717	0.216678507	0.837233096
0.716110815	0.378821481	0.406033204
0.15254051	0.209971937	0.886808159
0.078306495	0.089390174	0.078777765
0.56740188	0.115955811	0.789540883
0.635395555	0.041009479	0.161895144
0.696388735	0.254632343	0.956542507
0.850216625	0.788420652	0.590618239
0.03939267	0.404626706	0.198828562
0.713190536	0.516395227	0.590840273
0.768345906	0.999060092	0.692977179
0.245956348	0.234529792	0.611069717
0.834299426	0.005837321	0.972545185
0.65984102	0.040520819	0.383078527
0.346340328	0.991041154	0.116167302
0.234699702	0.002353727	0.681085959
0.867055129	0.861231023	0.714865628
0.030171997	0.101646077	0.950919303
0.224435931	0.551417239	0.236296559
0.374302478	0.361973116	0.674502544
0.629081647	0.370587661	0.531032879
0.49251751	0.483988092	0.390115065
0.289713701	0.726734519	0.908876997
0.841650033	0.030082965	0.00929355
0.077974467	0.889772373	0.930300508
0.995385863	0.990014773	0.772282239
0.641044347	0.18964626	0.225720366
0.112931533	0.639740466	0.476135851
0.53340934	0.061638138	0.109853549
0.745502729	0.358481995	0.700616606
0.222325455	0.663680914	0.681576255
0.578876627	0.008305723	0.498365831
0.231020113	0.762773952	0.692529939
0.453028427	0.441736418	0.505854778
0.73566938	0.642320725	0.131058691
0.777641444	0.832653955	0.585495416
0.422416065	0.021590395	0.333257289
0.614074366	0.238670695	0.199014959
0.344178295	0.563567074	0.554458003
0.535960352	0.049613734	0.327456562
0.499338526	0.35081835	0.442767656
0.334749327	0.672169465	0.164148794
0.531352955	0.114439073	0.042499954
0.753742539	0.552089029	0.273718417
0.447394728	0.407224836	0.646899024
0.041121091	0.18144539	0.856627644
0.898207903	0.753470302	0.784515564
0.944519249	0.067588057	0.408077849
0.244435789	0.325292447	0.723932818
0.801642032	0.229029268	0.195980064
0.391443588	0.350982098	0.933009445
0.37397559	0.783151509	0.655286583
0.086161721	0.197988784	0.156866964
0.37344292	0.577901792	0.517048512
0.529614958	0.376078547	0.94850301
0.063293702	0.530617893	0.507452547
0.319381853	0.678327303	0.59342898
0.738515339	0.798990181	0.383830785
0.927796699	0.591514971	0.281580084
0.814185457	0.348028469	0.089194013
0.300786565	0.680625943	0.99535437
0.640668805	0.217751641	0.670853035
0.134472664	0.554604189	0.462882027
0.360239013	0.771004662	0.321569733
0.930363374	0.893500841	0.740190149
0.51424121	0.072739725	0.452729417
0.685349705	0.043561131	0.401265573
0.42055708	0.045451266	0.635523824
0.300565724	0.279853217	0.079682017
0.132219871	0.379116544	0.326792191
0.377226931	0.880797736	0.461748122
0.550350184	0.001189856	0.090286664
0.806497877	0.32035043	0.49658375
0.129780077	0.863874733	0.873644427
0.46124938	0.516950391	0.288121903
0.223851165	0.681292979	0.368703812
0.500337896	0.431267961	0.790763091
0.179645002	0.35140957	0.436803442
0.231951083	0.916541276	0.924814271
0.213983306	0.129358839	0.71831891
0.794588938	0.372007527	0.408689425
0.526924154	0.664775169	0.108997441
0.616592774	0.074140294	0.885989493
0.113887869	0.317131105	0.498545635
0.497321479	0.154721529	0.007227289
0.814571508	0.870420767	0.56610593
0.534442127	0.446781955	0.317275084
0.649254011	0.331807124	0.530707735
0.664673513	0.062955024	0.28624504
0.017740509	0.024097349	0.499160367
0.826790764	0.666439243	0.026793062
0.03494434	0.107988577	0.62309885
0.519001685	0.157619969	0.592992607
0.239183649	0.96860942	0.386169182
0.169224143	0.526520377	0.256398354
0.66584027	0.988105175	0.057200671
0.884963377	0.220362562	0.898287972
0.527930673	0.01554999	0.536574375
0.838134388	0.383473122	0.769323985
0.58696688	0.904596962	0.035596371
0.565301275	0.951126653	0.5650067
0.519026424	0.625909102	0.039539467
0.219019486	0.248936994	0.803138206
0.257133125	0.613139245	0.726613026
0.535907606	0.362805491	0.428271882
0.110957217	0.25413478	0.354430547
0.828870237	0.850537143	0.661575079
0.827019276	0.218136168	0.770854417
0.819372976	0.200019317	0.10549363
0.784657194	0.539364727	0.400112654
0.035334116	0.251351917	0.272591984
0.291901545	0.67969879	0.951869095
0.568761064	0.111021143	0.222653195
0.645866717	0.877255551	0.179190234
0.389578084	0.731730267	0.91080096
0.13593295	0.396689885	0.59643288
0.961497925	0.669919461	0.087796197
0.13145657	0.093567871	0.814543792
0.211446047	0.019610662	0.34112245
0.096884276	0.192434425	0.537688588
0.149469332	0.344700611	0.702326095
0.671503099	0.608094753	0.597938617
0.727956454	0.251392139	0.831275422
0.238724485	0.545693023	0.718647913
0.820413917	0.671775395	0.022399655
0.772332833	0.196430657	0.568281037
0.525666619	0.598169429	0.419438206
0.782557158	0.951506091	0.202990788
0.71887746	0.869652457	0.822098875
0.47487143	0.02920149	0.777886952
0.304898	0.981411976	0.025889176
0.918870425	0.517396201	0.561566497
0.649137219	0.568479003	0.532908973
0.138325222	0.46839064	0.146919447
0.783432748	0.266958603	0.670950258
0.659320005	0.581696351	0.161643137
0.495133716	0.987980793	0.164654791
0.850305121	0.981229669	0.168210984
0.75378756	0.438844866	0.808299151
0.028835648	0.326864994	0.701774881
0.476459201	0.28665269	0.132978946
0.771094537	0.134941835	0.300789548
0.519462564	0.706612268	0.465863819
0.915294485	0.01744847	0.157472882
0.425353611	0.013278396	0.099261373
0.396288754	0.128051056	0.348956052
0.827098649	0.789620885	0.672561196
0.960097017	0.169163955	0.922025304
0.889064126	0.234165353	0.043899409
0.233588934	0.09589986	0.34601754
0.827821251	0.115106244	0.479098046
0.769374784	0.825593471	0.135413802
0.48684383	0.048913635	0.165973508
0.914276325	0.542493676	0.055529708
0.09701477	0.473099973	0.079127076
0.802743855	0.729540699	0.195350245
0.075430407	0.829727902	0.786823877
0.412874397	0.983322384	0.678077474
0.032410597	0.249493429	0.397737934
0.711616115	0.474416021	0.454936204
0.892665469	0.373426559	0.707011951
0.465530656	0.686958623	0.416716489
0.668071794	0.333224975	0.297212895
0.87601515	0.328988274	0.456173891
0.620844388	0.383557717	0.572128056
0.327361491	0.962873406	0.465276078
0.720702096	0.675108283	0.77389744
0.859582698	0.004134782	0.896762494
0.7495633	0.416329516	0.209501414
0.008387232	0.136874931	0.877421533
0.679079227	0.256469404	0.301742359
0.676354116	0.352917027	0.655721464
0.584802424	0.647189147	0.646723535
0.537854334	0.951689532	0.812223806
0.83413033	0.411848179	0.191522477
0.774632194	0.877948428	0.941842205
0.30747111	0.394859116	0.399469401
0.695598753	0.829842685	0.11690557
0.759323667	0.49366213	0.540002554
0.262411362	0.239899484	0.05196187
0.179831364	0.109471902	0.075527295
0.142181141	0.823123345	0.663359969
0.447315931	0.333164452	0.449119581
0.818877317	0.174593557	0.060555198
0.158421064	0.849277259	0.775945012
0.255066866	0.674201108	0.380950632
0.304552262	0.260972111	0.66060257
0.534183122	0.826913671	0.626305256
0.211428776	0.765619746	0.419762411
0.419405852	0.251285479	0.796434807
0.553593632	0.979801279	0.364425761
0.841955384	0.704333102	0.098225344
0.098960505	0.980794445	0.67913573
0.25871157	0.7103176	0.705484139
0.362245716	0.638034087	0.991767778
0.947784168	0.139043729	0.376778553
0.315018012	0.07085757	0.154681996
0.955507067	0.467246474	0.905147146
0.757516304	0.877838707	0.032036805
0.681069637	0.261085715	0.873897499
0.22990201	0.190545078	0.79272836
0.437119094	0.631372357	0.767108315
0.661807125	0.158071237	0.476505743
0.19464032	0.700284285	0.748730866
0.369394132	0.851727335	0.192876926
0.045195281	0.1317595	0.242240776
0.524011478	0.882395815	0.760195722
0.13769842	0.308822133	0.294985064
0.383991138	0.928966236	0.069632626
0.574403344	0.642767448	0.362313572
0.593760796	0.511426653	0.052214291
0.656984434	0.558224863	0.645343741
0.722475552	0.204069534	0.883578069
0.58668753	0.793177236	0.678772453
0.499311183	0.958490198	0.615249914
0.895517202	0.203998688	0.895505588
0.689154428	0.334861377	0.964874539
0.739379849	0.676950371	0.408131959
0.705049217	0.23912047	0.154546062
0.971686897	0.270119094	0.208942799
0.104384911	0.598891822	0.739058253
0.444300629	0.121885854	0.642734614
0.826935265	0.340467895	0.989824227
0.518570398	0.162831936	0.9447541
0.249897822	0.199283337	0.368813704
0.369055901	0.77047632	0.581449671
0.538921866	0.336981166	0.262896377
0.986460361	0.954255485	0.044924859
0.185497945	0.265244262	0.829144732
0.45738342	0.673798722	0.828205081
0.963228363	0.994902677	0.84756954
0.898338323	0.856900162	0.366052917
0.608301212	0.50873731	0.831277853
0.231982894	0.212003643	0.318932005
0.019194293	0.67255667	0.062823975
0.141803229	0.289059033	0.298591288
0.347759433	0.948837906	0.179738151
0.471150123	0.829909195	0.537480731
0.95714561	0.285772352	0.606877972
0.386141703	0.310640541	0.756534145
0.448840614	0.461960155	0.619683689
0.72308744	0.010805681	0.530885242
0.15377868	0.065102652	0.610844217
0.8865491	0.254155419	0.869428215
0.823914865	0.60689085	0.120194501
0.896487407	0.96301132	0.663866067
0.648703823	0.491818444	0.63861592
0.831169414	0.112898377	0.513272706
0.907424637	0.269083992	0.978799742
0.990439718	0.102420789	0.613028705
0.605532908	0.253978072	0.4491573
0.798530148	0.092718717	0.191926268
0.482102452	0.867558033	0.42257138
0.573083313	0.820501455	0.579509744
0.510302978	0.696764773	0.382310923
0.434126306	0.681876338	0.228724278
0.010214125	0.448570414	0.904475012
0.966626309	0.894178798	0.636492033
0.663314401	0.49317302	0.080269215
0.518716073	0.474647686	0.449822405
0.151580139	0.718157527	0.331220117
0.92632635	0.420548897	0.349116352
0.422225802	0.753814969	0.759373213
0.648243577	0.904767156	0.559199055
0.172563149	0.074771401	0.772441756
0.8457199	0.532402434	0.296207867
0.315671067	0.802845169	0.359426327
0.102084214	0.408038262	0.192962652
0.543479546	0.965077385	0.622850119
0.093650969	0.039856819	0.203068561
0.435276395	0.056469127	0.485546517
0.031139829	0.566194638	0.315692652
0.339641672	0.747418862	0.448060501
0.645166005	0.580743276	0.481194961
0.029948534	0.753652483	0.523412965
0.9237231	0.133278997	0.647944859
0.244806016	0.210286195	0.914096687
0.263806756	0.962753851	0.675825515
0.665220291	0.180817248	0.163282049
0.024271932	0.248989288	0.229318104
0.448718877	0.665157422	0.809068455
0.945089459	0.160368874	0.269560002
0.434528954	0.232169279	0.78326621
0.270784173	0.938951363	0.343021633
0.748166391	0.699845405	0.706418605
0.34553352	0.239366079	0.25226576
0.822875939	0.158295388	0.937744798
0.001566749	0.572220491	0.168644959
0.300155237	0.034408934	0.303801734
0.43232601	0.497037815	0.360775742
0.368040276	0.371422457	0.370667787
0.689092869	0.58373613	0.935172245
0.257116441	0.746390466	0.566299422
0.293133657	0.146030927	0.802661801
0.860046984	0.455879523	0.160483736
0.585988029	0.221550454	0.160492558
0.644321776	0.521320943	0.872921111
0.745123096	0.827279346	0.430283013
0.155703669	0.559247783	0.959948346
0.382839654	0.493956991	0.418475409
0.610647165	0.135147449	0.910423094
0.521286093	0.940426891	0.470965035
0.474653013	0.642936727	0.676755669
0.131484575	0.076921254	0.067231439
0.383224602	0.441751439	0.776522585
0.553686371	0.912366002	0.518936176
0.621107351	0.117808981	0.758009695
0.713103668	0.660393577	0.059047763
0.387773045	0.104743425	0.007737623
0.083597904	0.737513572	0.741670516
0.28693059	0.851475068	0.129528445
0.620368179	0.16940098	0.77407027
0.122804999	0.049238274	0.399722019
0.722916705	0.683316827	0.518776843
0.67422059	0.195080343	0.20932364
0.810645932	0.696770445	0.576891052
0.605242867	0.224129442	0.215775228
0.21899259	0.136545486	0.790687652
0.268997635	0.653687757	0.737958648
0.742110028	0.228666898	0.385794659
0.437859652	0.151574114	0.491374738
0.603549065	0.053736061	0.004153245
0.151423003	0.137757629	0.588481191
0.840343775	0.913007256	0.484433039
0.054263331	0.007575981	0.672634257
0.822546976	0.290746912	0.47133154
0.625241013	0.123381899	0.540935923
0.201573239	0.083341819	0.455526002
0.549221412	0.660059583	0.363399593
0.133997673	0.38416204	0.434187391
0.537900595	0.860673318	0.594016927
0.887603037	0.896952055	0.104135974
0.333951421	0.458770435	0.832160837
0.985292162	0.794676819	0.81613775
0.234320074	0.223201768	0.002447967
0.4020772	0.792755098	0.525291465
0.057878239	0.888321114	0.661682
0.526948836	0.630286565	0.498276132
0.408856575	0.008794547	0.093443988
0.304390522	0.738645005	0.473287523
0.122347799	0.758813986	0.571093902
0.071963783	0.241106816	0.163133386
0.815291037	0.238892444	0.649703148
0.585604058	0.408621132	0.793498053
0.844171968	0.70580004	0.872823219
0.512339293	0.928750195	0.343515583
0.553409902	0.631369119	0.810114281
0.760200902	0.94930803	0.5655319
0.544860934	0.275445299	0.473976257
0.945644467	0.328968078	0.260785831
0.868122121	0.500691578	0.650058878
0.92137696	0.588732614	0.784471709
0.858769134	0.982635999	0.16567995
0.381416235	0.997799651	0.822252771
0.865769102	0.116538179	0.192738692
0.957742312	0.518323413	0.771154159
0.682051822	0.062621132	0.101042054
0.902173214	0.947482839	0.05496681
0.78785805	0.690246566	0.699984298
0.634250882	0.568655727	0.288631966
0.588575751	0.818189828	0.895936791
0.870090098	0.441948174	0.516307834
0.571411215	0.149764526	0.272813091
0.706553913	0.189580865	0.101481264
0.068151514	0.164525896	0.511799472
0.679771259	0.817014854	0.271274979
0.555007247	0.23936393	0.498349062
0.277343952	0.73090704	0.581800446
0.713795195	0.344859996	0.786617548
0.118951535	0.110936619	0.078398304
0.669549822	0.742134246	0.431966395
0.226566429	0.848089536	0.450327342
0.242355374	0.471322809	0.963786443
0.997973482	0.152173343	0.216874815
0.610050685	0.440371935	0.451295697
0.259729374	0.714051165	0.275868698
0.849560836	0.225298843	0.448798938
0.408063679	0.765250428	0.109793867
0.979237948	0.847674917	0.76648167
0.418600006	0.405444924	0.953996432
0.673365916	0.620530827	0.042536027
0.88312356	0.370298693	0.88898343
0.026995263	0.279686337	0.490837646
0.436964469	0.670902487	0.84189723
0.867586419	0.877353785	0.286024555
0.339628825	0.872807886	0.982943664
0.134792828	0.448881357	0.890517779
0.979864375	0.7786699	0.916242247
0.858382585	0.92147119	0.927411095
0.600929941	0.430120514	0.381822419
0.246092033	0.796707697	0.932950607
0.083621467	0.92803762	0.358594088
0.369860843	0.671890223	0.716634232
0.164908652	0.907849781	0.927085848
0.291918576	0.113480985	0.637098906
0.963213781	0.102865935	0.542974218
0.122892008	0.066542604	0.464706529
0.085401029	0.471368621	0.20949314
0.276601471	0.261017968	0.921343381
0.546929949	0.244536954	0.199567834
0.787456297	0.155546162	0.793890973
0.853263462	0.693878151	0.608823374
0.599499036	0.826079829	0.228585774
0.592157357	0.998676979	0.965138091
0.967239795	0.501184385	0.780805228
0.808214348	0.765704904	0.131682216
0.073339197	0.433743833	0.234011132
0.364823499	0.14299546	0.672571568
0.619457589	0.872534732	0.765661129
0.46578748	0.088691288	0.95813132
0.344081671	0.985532558	0.202550933
0.727104943	0.718037278	0.102508981
0.257635703	0.301861779	0.529543201
0.110596932	0.945768669	0.277617209
0.334510796	0.677576211	0.413772928
0.014013758	0.106630393	0.708753464
0.356459156	0.917066318	0.112569982
0.015234997	0.925265217	0.223126706
0.846035496	0.490267646	0.095186923
0.303197039	0.695204632	0.689505373
0.303239037	0.537455166	0.968558398
0.024306411	0.020321547	0.581110404
0.136048723	0.91989525	0.006054856
0.771612994	0.178726876	0.728361126
0.154399073	0.779118931	0.045287706
0.979280308	0.369415863	0.530017958
0.197620179	0.673020277	0.880852878
0.799270996	0.442645484	0.78879023
0.846344901	0.192332306	0.556714094
0.30973338	0.628687482	0.213424731
0.212471138	0.435045912	0.04981184
0.400094192	0.540517117	0.426403645
0.569262231	0.466546675	0.700622971
0.918617077	0.202640678	0.162516061
0.938807246	0.974477429	0.450969163
0.964835897	0.120298244	0.187771798
0.712483047	0.400698858	0.292340194
0.342127338	0.01623681	0.519325465
0.376340618	0.601921925	0.090047384
0.748291051	0.862439773	0.606768882
0.119150191	0.046881956	0.464796054
0.754668465	0.757063557	0.839129655
0.365749043	0.400723878	0.152754907
0.561728604	0.804196474	0.888740048
0.898809032	0.678178431	0.219202268
0.102997182	0.950839632	0.930435528
0.915063399	0.843391244	0.16730073
0.595514268	0.065574981	0.212527738
0.945211959	0.723873982	0.362872047
0.51002589	0.594800368	0.146936632
0.668202752	0.034210363	0.015118211
0.885957009	0.00519485	0.106283685
0.404805593	0.949438548	0.50046779
0.597025961	0.090387106	0.591671121
0.931543981	0.047174573	0.581202857
0.676569837	0.36433734	0.163158312
0.434774501	0.306030722	0.00632736
0.292101132	0.570638191	0.266597822
0.507519564	0.684530721	0.163201594
0.978355964	0.292740074	0.437779792
0.881061501	0.680035819	0.589123725
0.015913776	0.736052663	0.233919923
0.240812552	0.128170602	0.522997305
0.169407439	0.562567709	0.307186639
0.198924625	0.66852272	0.977265981
0.607294368	0.908078595	0.007569838
0.680748941	0.109697729	0.531040513
0.411292956	0.723681136	0.661363717
0.74517607	0.911174304	0.421793677
0.526873443	0.089683754	0.65298219
0.436107704	0.016912764	0.381775927
0.93687089	0.141422484	0.06346611
0.636186	0.118639995	0.286678599
0.503058004	0.549636139	0.254228003
0.779002721	0.592237177	0.703665191
0.204268644	0.348904353	0.078643468
0.231304165	0.481293818	0.032258336
0.803599718	0.131720995	0.804547268
0.659240515	0.303688716	0.560293446
0.966620867	0.304751673	0.348698587
0.095835632	0.080841215	0.849047243
0.302973442	0.92680382	0.636042787
0.307229278	0.579624052	0.867004085
0.173436329	0.680554267	0.86297315
0.754762409	0.815191661	0.854772282
0.649011806	0.792742778	0.68751058
0.581978267	0.535085405	0.374512483
0.826820395	0.659939722	0.353867903
0.019706444	0.376305814	0.598034247
0.254332233	0.711446267	0.26790445
0.758914204	0.852776186	0.432621946
0.762433852	0.807005738	0.827260927
0.440323219	0.094065342	0.703752374
0.251779793	0.102563453	0.245280764
0.438228067	0.746897468	0.056517125
0.905698679	0.006989115	0.126578691
0.422958071	0.701668088	0.154116583
0.309296224	0.948451159	0.57314004
0.020881451	0.552714253	0.815273158
0.329512456	0.124471615	0.758299249
0.406887315	0.713557307	0.05559081
0.252625363	0.950937187	0.523078091
0.674570471	0.227562875	0.839433283
0.125393413	0.911190993	0.70803039
0.197342241	0.965129331	0.210247561
0.071025854	0.913703741	0.054980899
0.802558941	0.141887653	0.104830954
0.561228818	0.172093807	0.938405179
0.00911685	0.360949221	0.266635121
0.52746895	0.594322191	0.822597638
0.050255863	0.337065667	0.89734983
0.634521282	0.902247622	0.486079273
0.108297701	0.412799039	0.404433277
0.778489861	0.517746951	0.741326927
0.781441691	0.603257679	0.933928608
0.830904878	0.776743536	0.683422636
0.41581296	0.871764763	0.053798522
0.218110811	0.932231063	0.689943412
0.709059579	0.749194304	0.424821158
0.039171735	0.734041187	0.74244772
0.503195075	0.766368713	0.479937535
0.636931979	0.438758962	0.139846358
0.508383905	0.769082367	0.559870825
0.520363426	0.227326207	0.334284053
0.237487298	0.856497832	0.357139882
0.282117652	0.776451038	0.618646337
0.683368302	0.157909308	0.729784304
0.096552135	0.584866747	0.304392301
0.637673734	0.930188941	0.761924564
0.240759687	0.286360482	0.369294042
0.94760476	0.180005513	0.175167213
0.964182082	0.397965377	0.590813737
0.009134118	0.934639568	0.469743629
0.466313085	0.941060037	0.792319921
0.86489966	0.693079194	0.289667078
0.769804851	0.95354135	0.374356871
0.421667687	0.458820128	0.934858243
0.139279483	0.862350922	0.764783976
0.181165588	0.707675154	0.445269775
0.679956654	0.237688926	0.972513007
0.700715922	0.838548897	0.837266251
0.170410932	0.009579584	0.427027027
0.612865367	0.509232105	0.512848019
0.539380607	0.42650532	0.637881915
0.340269166	0.555839521	0.521966442
0.532957733	0.089211368	0.308387594
0.176326129	0.632618461	0.790408152
0.21554067	0.26076755	0.461337388
0.992439908	0.644498313	0.462957213
0.311016296	0.008318787	0.324824472
0.840266946	0.439830931	0.669049466
0.707851491	0.052562794	0.104282525
0.84474886	0.835387562	0.631202047
0.062611228	0.854251397	0.910487696
0.897268457	0.56269042	0.615141661
0.260895889	0.645367618	0.047007459
0.119721697	0.958254449	0.813955778
0.999061591	0.642282499	0.111357019
0.348160968	0.524375911	0.043283211
0.00091717	0.797004875	0.728797648
0.519211603	0.071818572	0.549131623
0.706258553	0.58035364	0.229478317
0.002988758	0.527786894	0.186857897
0.726097817	0.898296524	0.484306808
0.307912228	0.945660186	0.166228819
0.854085624	0.381944854	0.98753659
0.666633651	0.824405973	0.349057048
0.682657133	0.286670294	0.110908571
0.803895185	0.581864431	0.088197983
0.997499442	0.780397378	0.632068367
0.825197754	0.211735164	0.580135768
0.565450477	0.931963158	0.999083517
0.331014522	0.264777822	0.305466755
0.903851364	0.286017755	0.786337354
0.453613313	0.478379353	0.401390563
0.685185373	0.505518279	0.822073909
0.180896135	0.978758689	0.17796948
0.342772212	0.482913738	0.997012501
0.151133438	0.219939359	0.014266895
0.984111085	0.965298773	0.710068177
0.560911565	0.755646543	0.804546756
0.050751817	0.627683141	0.125281731
0.166291115	0.324204562	0.041324406
0.839640955	0.557474855	0.587522839
0.321170138	0.543159087	0.873116019
0.908410418	0.71203427	0.770235834
0.610646186	0.372272194	0.088448611
0.94595003	0.627072995	0.323450473
0.86833167	0.497875849	0.358275919
0.71561737	0.894182942	0.876996881
0.961530304	0.060313878	0.692147274
0.625040162	0.526464765	0.622820882
0.080104491	0.492451647	0.502966275
0.652910621	0.765210217	0.898636445
0.172581739	0.529361671	0.414369689
0.986434227	0.02495675	0.21925339
0.904027159	0.667507209	0.950304367
0.792944703	0.692217074	0.385445216
0.535932933	0.600580345	0.659599699
0.483385151	0.971553547	0.029035999
0.634399535	0.182632148	0.266607887
0.270274175	0.981954717	0.149468319
0.461624655	0.75314173	0.318902448
0.727705146	0.298119331	0.000176991
0.939532544	0.517367193	0.36455959
0.252522933	0.041095669	0.709093321
0.516715929	0.408246938	0.742111727
0.099683355	0.495181675	0.616715372
0.222474333	0.486901479	0.792773982
0.816610918	0.884336019	0.043534517
0.53599246	0.772318069	0.203998702
0.016354689	0.126005576	0.56244765
0.026395938	0.698978627	0.453743867
0.659974329	0.827790048	0.892862842
0.737403147	0.467955425	0.539201017
0.863613954	0.762566023	0.117205709
0.80271896	0.862153132	0.541787985
0.012519168	0.391952874	0.841316051
0.408208174	0.746775903	0.866809891
0.220371564	0.407008797	0.512779596
0.836602208	0.573177101	0.152023753
0.875939679	0.760867173	0.064779048
0.603152208	0.844430435	0.156190002
0.019929104	0.978546348	0.913250795
0.073299984	0.673366621	0.215708554
0.993329098	0.745634242	0.824518438
0.84137076	0.841300442	0.8186167
0.003488934	0.763521728	0.67415042
0.820466866	0.682011997	0.396674199
0.422169362	0.993909339	0.09763907
0.638725569	0.153656028	0.765788679
0.748799169	0.622091011	0.187468344
0.698892135	0.495340918	0.419372929
0.554528868	0.789246455	0.568480871
0.025920038	0.605917999	0.037319818
0.098260882	0.765519682	0.951759182
0.455202447	0.15468021	0.294936697
0.261120083	0.915401398	0.301810372
0.130486778	0.735965542	0.59624179
0.481553675	0.130577582	0.400664418
0.927362881	0.699832902	0.177291107
0.297663043	0.496422829	0.202673777
0.006125847	0.669794306	0.812119647
0.114535459	0.922338197	0.32245833
0.956668708	0.89214757	0.073583877
0.540295141	0.608348352	0.37798721
0.557715458	0.613907726	0.202794604
0.32012346	0.817990078	0.566789107
0.413691319	0.878366131	0.742266672
0.089273001	0.099348141	0.089354197
0.86520911	0.941475424	0.822577128
0.655454979	0.480587433	0.488532691
0.472686382	0.214431656	0.019570926
0.58774809	0.099771855	0.251758245
0.876669569	0.53137123	0.842612586
0.409027844	0.117663132	0.670007405
0.99030018	0.731740874	0.163777861
0.28965822	0.557290732	0.06423458
0.810802401	0.3657013	0.758407444
0.746131806	0.102818833	0.429750801
0.699796481	0.321156666	0.646777526
0.385450375	0.433441208	0.210590745
0.062167612	0.938524479	0.221672263
0.15513915	0.795937292	0.537514999
0.24440031	0.974095251	0.910813138
0.894767964	0.833886867	0.198588492
0.877387358	0.009030426	0.983070385
0.850961942	0.243513021	0.454764219
0.450833657	0.899261556	0.044299515
0.192997041	0.399915022	0.24729423
0.149350443	0.029236254	0.507189594
0.935936481	0.143395788	0.189019357
0.287834731	0.152397574	0.556050064
0.091769756	0.868340657	0.954497308
0.593318928	0.4163157	0.963860904
0.687632894	0.670012387	0.081798524
0.229948373	0.924686701	0.258764193
0.32238304	0.616072727	0.386033374
0.927228175	0.33576749	0.669918267
0.93997647	0.957839173	0.930358233
0.525649355	0.473988573	0.328161798
0.467506725	0.004779702	0.667552551
0.283749608	0.229037401	0.790675582
0.410509021	0.828196948	0.458240042
0.033795741	0.787827734	0.059574671
0.189071866	0.012487123	0.766880584
0.564692426	0.949370633	0.775602225
0.398038704	0.743906112	0.227984042
0.652486448	0.520565916	0.212289784
0.554733249	0.211386164	0.191984595
0.692582735	0.447973171	0.145811295
0.680365852	0.168254745	0.08066093
0.978722685	0.912453515	0.48422557
0.285965528	0.598590365	0.951349283
0.313176614	0.312229728	0.295980452
0.419364708	0.154113783	0.627138022
0.504119098	0.456823726	0.64906982
0.20102355	0.110278652	0.27589914
0.772230544	0.112292732	0.097095169
0.404858339	0.789808118	0.191076674
0.46168595	0.694904639	0.819832689
0.964790318	0.275758414	0.870251235
0.80373065	0.30475526	0.590186902
0.583525155	0.617525213	0.925493598
0.912121429	0.324219871	0.978681668
0.042347827	0.083731458	0.069231505
0.679911289	0.924589076	0.397069045
0.478955368	0.101885098	0.997429131
0.231552861	0.778334791	0.806643334
0.296511708	0.134835032	0.929699854
0.558389529	0.526804337	0.39227083
0.625365769	0.925688071	0.482519281
0.173695914	0.537819016	0.66565212
0.176583182	0.305865213	0.905382471
0.791344578	0.961162119	0.507832124
0.922127343	0.317775844	0.720715961
0.937424889	0.075721433	0.548031409
0.777314953	0.795194622	0.786816213
0.017786826	0.817899714	0.285395782
0.458715104	0.143565582	0.240045563
0.043771018	0.254587084	0.78081912
0.324614178	0.501248235	0.895605493
0.962954464	0.248798419	0.693610771
0.213157961	0.69008496	0.8197656
0.550295725	0.12772976	0.239964599
0.632981788	0.279327062	0.095400496
0.486252969	0.323879013	0.79948883
0.243773923	0.278237601	0.027179256
0.882323609	0.726507267	0.820323477
0.66223581	0.892337634	0.297158666
0.32769826	0.77023704	0.518623895
0.514687163	0.546912253	0.271973726
0.815311443	0.907981051	0.155298911
0.9810572	0.116803376	0.357984082
0.560147008	0.173574352	0.387656728
0.556583995	0.110085568	0.220604536
0.741359748	0.863070226	0.546998246
0.794471017	0.384924534	0.204925598
0.206359428	0.655961383	0.451240599
0.534242303	0.902643623	0.835110035
0.498769207	0.935264965	0.341419574
0.672841537	0.44860754	0.179864855
0.667353767	0.839780145	0.299118833
0.990555634	0.824316204	0.034274762
0.974099206	0.777721402	0.55595246
0.778376234	0.72594016	0.515904207
0.735401043	0.720640954	0.445189865
0.757729714	0.547929316	0.751192125
0.087184244	0.384124875	0.798373684
0.893932203	0.339639925	0.358979072
0.488768356	0.222279707	0.443446603
0.85373244	0.186241552	0.101871302
0.124549108	0.930662701	0.913313915
0.60524095	0.070810391	0.317037459
0.663512376	0.578471884	0.04555977
0.782317278	0.816462782	0.713441285
0.641608625	0.647945287	0.858641511
0.073437992	0.516619108	0.647839376
0.988733811	0.339996972	0.261127501
0.522993937	0.739342088	0.160383066
0.992180248	0.439413572	0.843940204
0.458832396	0.395587662	0.010434556
0.931143481	0.63456459	0.257283038
0.159102545	0.897826962	0.629843949
0.35629733	0.526795662	0.552887181
0.521210397	0.999426667	0.463775295
0.515313516	0.407925246	0.000889944
0.710758739	0.798765666	0.748270064
0.338762797	0.187074441	0.044922854
0.39208798	0.856524795	0.454125334
0.327985167	0.261010811	0.086077694
0.823766356	0.583550862	0.354535481
0.030590382	0.766052304	0.441563005
0.166986126	0.140794195	0.163802251
0.928416073	0.957168853	0.046585742
0.473453723	0.815833977	0.44316642
0.760179239	0.511258343	0.996378211
0.415582692	0.644330962	0.558173505
0.283789428	0.973610019	0.120412543
0.97434586	0.725385984	0.331862485
0.030690607	0.564352621	0.289837339
0.437464059	0.286732113	0.89216243
0.363059818	0.277487419	0.010316017
0.525498854	0.34365864	0.607742527
0.674549014	0.378662753	0.454368052
0.417338954	0.862240811	0.718522423
0.10551985	0.953311741	0.30765759
0.925524679	0.442735369	0.836002811
0.340545045	0.086186591	0.243805153
0.764031697	0.055055501	0.26371215
0.804631318	0.460641959	0.048688805
0.813578061	0.342587	0.39684322
0.30929092	0.041815364	0.732111742
0.245060263	0.120557797	0.058615078
0.084500336	0.184499585	0.817524882
0.990263638	0.041928417	0.433543881
0.992813836	0.189827297	0.561829624
0.90202828	0.367108407	0.517537659
0.526827921	0.690681721	0.264330079
0.618708556	0.800005525	0.597059378
0.423696568	0.0226666	0.70161247
0.482012407	0.712428674	0.247871467
0.814872712	0.396067535	0.022561255
0.930537467	0.286562186	0.924971838
0.160411574	0.890670136	0.34481939
0.259337519	0.819062695	0.239984454
0.603139433	0.590376255	0.220398359
0.024427159	0.964958809	0.239043143
0.119540793	0.70893207	0.571133816
0.253085128	0.550349672	0.86293942
0.905323295	0.914999048	0.351338435
0.845356359	0.68994009	0.602907947
0.024552273	0.164601641	0.065604043
0.109077014	0.12710662	0.55257552
0.829124974	0.764415623	0.280813365
0.102220428	0.74083576	0.505803873
0.473741192	0.880280698	0.888597669
0.885503515	0.196768822	0.469972631
0.878867859	0.52364832	0.249330996
0.386731992	0.430499488	0.553851149
0.984644775	0.382707658	0.796558803
0.370312705	0.46375564	0.459103263
0.571222819	0.87184018	0.171717051
0.801114781	0.980689312	0.358245604
0.108283815	0.543603246	0.582800434
0.20702554	0.006370727	0.695310893
0.681889406	0.752983543	0.164564365
0.537721789	0.377633255	0.937001081
0.584979783	0.196419265	0.67040566
0.836377379	0.281869479	0.550783187
0.552933698	0.004888735	0.408496042
0.391072953	0.951905996	0.682953357
0.138405399	0.307419503	0.66929969
0.646872226	0.18351321	0.695335584
0.297289329	0.747650406	0.569664903
0.426415386	0.012784096	0.726919651
0.03956839	0.759675199	0.392268054
0.282488361	0.892773632	0.775535159
0.194437789	0.285166415	0.898322669
0.889169798	0.071255507	0.785273762
0.253928628	0.955314861	0.461353236
0.514474191	0.425370659	0.668477872
0.226422763	0.072999379	0.986937342
0.384980087	0.17724625	0.550448148
0.136711998	0.690719348	0.149907858
0.618384696	0.129460214	0.691065479
0.219607745	0.635389089	0.505042025
0.186318302	0.377616289	0.070222729
0.450001997	0.193475717	0.897754513
0.52693698	0.075417182	0.849662538
0.479015232	0.442956988	0.466940982
0.878465457	0.639270171	0.871933059
0.693410499	0.569103079	0.189992346
0.347815843	0.763779943	0.706235137
0.472677358	0.923789041	0.891240506
0.931483944	0.802908195	0.476212021
0.972851007	0.934020356	0.992781995
0.580170582	0.160066897	0.232950252
0.422143122	0.168886581	0.711834819
0.724186729	0.622765133	0.092852054
0.423905034	0.852377351	0.628234571
0.094282078	0.990816202	0.460311482
0.461243693	0.728139759	0.935144794
0.68381551	0.238680172	0.153082948
0.58866895	0.138742352	0.449264977
0.724213498	0.075896159	0.905583383
0.265934024	0.438117503	0.274969676
0.320884348	0.428821635	0.600611753
0.773422127	0.188533389	0.121281099
0.457438746	0.72633836	0.128727853
0.578626519	0.287080631	0.970492944
0.222457264	0.4076039	0.720473548
0.559414972	0.234171561	0.346445634
0.52171992	0.109866807	0.299085138
0.786641794	0.784399541	0.601764476
0.138782405	0.671263735	0.395343175
0.797465491	0.416859554	0.664140486
0.608992212	0.71340054	0.147388435
0.871860653	0.043762824	0.911271806
0.365531484	0.332274034	0.931309164
0.851816915	0.97548255	0.096652515
0.360748849	0.544374131	0.752472527
0.259144197	0.976091867	0.887952604
0.761657638	0.829837959	0.398264963
0.420443309	0.657374036	0.474568401
0.41066943	0.509845502	0.841791653
0.432054719	0.892670332	0.715930552
0.202575737	0.707187502	0.280029131
0.234677855	0.606439333	0.691937582
0.321424728	0.552635926	0.020067689
0.684253711	0.90528064	0.744134598
0.549897801	0.105271108	0.60272766
0.436669003	0.251021764	0.980521586
0.444601035	0.668516388	0.782597483
0.554500989	0.032368055	0.451679945
0.889715132	0.221396827	0.170292051
0.766255039	0.549174226	0.371751362
0.867028907	0.045408691	0.569985373
0.07435456	0.507423878	0.168536892
0.302333055	0.423049641	0.279027597
0.911820224	0.965810229	0.293142971
0.438005933	0.794189341	0.051709669
0.981377428	0.787586085	0.874842639
0.00343703	0.668254075	0.491236213
0.545942351	0.935915982	0.671656167
0.133657136	0.958315689	0.204256085
0.975616192	0.211570919	0.718010877
0.118420726	0.02466106	0.667116763
0.433613616	0.937773147	0.686660791
0.786403601	0.041931947	0.674283609
0.366921437	0.648149511	0.973341617
0.262860138	0.453127328	0.233650115
0.461314822	0.250964939	0.925553582
0.92623913	0.877035539	0.298855359
0.753308409	0.666054602	0.906988464
0.404446	0.711870505	0.596185515
0.714813157	0.214070947	0.905219207
0.689858317	0.379607993	0.815868399
0.512612647	0.754257029	0.689048068
0.030342459	0.21030556	0.643893888
0.959636526	0.819144158	0.586595395
0.416036643	0.664274395	0.610602066
0.022081165	0.92402582	0.827759916
0.374297017	0.796276788	0.135610848
0.065218704	0.212712026	0.535734397
0.707422221	0.833233077	0.4985773
0.124672738	0.045979994	0.111111533
0.306493426	0.757065329	0.784222082
0.835377435	0.335658928	0.472536523
0.297747693	0.286902882	0.973476434
0.15087737	0.192433098	0.777046291
0.58809512	0.149232041	0.003762681
0.135307953	0.780235044	0.446042062
0.379388162	0.21907544	0.813443911
0.414949148	0.578262145	0.479576249
0.344467013	0.546890315	0.762022476
0.166232064	0.059451235	0.604431051
0.367348831	0.365809702	0.629735584
0.052752584	0.419013124	0.190718534
0.021817111	0.108622846	0.897519795
0.461462288	0.253463466	0.314570097
0.364980084	0.957829357	0.366291502
0.88405286	0.737128008	0.00867551
0.328413834	0.244441817	0.804219316
0.328838315	0.056630524	0.216228378
0.885174374	0.822728279	0.819077171
0.232742378	0.627078729	0.135051811
0.263847508	0.766853259	0.95129098
0.432020339	0.190088359	0.381694815
0.310268113	0.197355469	0.897903188
0.039821538	0.010157189	0.731151549
0.881079825	0.703982741	0.782979015
0.772414068	0.036312726	0.116768499
0.888116518	0.055253474	0.287631891
0.300025408	0.020775027	0.977681465
0.832706733	0.261587342	0.638576172
0.878503034	0.892390648	0.319708065
0.196055285	0.37870249	0.559454152
0.568709971	0.435623678	0.852024842
0.000200506	0.863735188	0.109383916
0.277693428	0.975011672	0.929805747
0.462683391	0.950476202	0.304321888
0.959331217	0.592013193	0.861882951
0.103153345	0.326233851	0.870662134
0.812873673	0.547691304	0.589679415
0.130363147	0.527245855	0.770782051
0.526323058	0.615156314	0.123631308
0.756815291	0.077376094	0.470912385
0.356464584	0.613498924	0.173363471
0.256408505	0.990016265	0.824263934
0.124550252	0.845013651	0.28704791
0.10241836	0.545115564	0.895814378
0.586784959	0.735050552	0.790989499
0.385898141	0.63292284	0.820465242
0.093303467	0.759861953	0.369833124
0.391043358	0.309336243	0.677210842
0.246790192	0.790274251	0.943796061
0.811845894	0.356943237	0.877489774
0.336901516	0.03088034	0.977003787
0.233521413	0.379717317	0.682446606
0.551875158	0.847082995	0.802068755
0.927634074	0.262301202	0.106292716
0.487065654	0.248123332	0.871504313
0.771543644	0.062569775	0.503726677
0.550945954	0.554718214	0.374195881
0.856435332	0.447045173	0.664353955
0.616232488	0.384789299	0.987157908
0.418079821	0.878475806	0.424570814
0.707486256	0.658873684	0.353834779
0.925441161	0.29233693	0.212731846
0.337577378	0.991611269	0.205716792
0.151400144	0.686421719	0.43620459
0.329294829	0.262256927	0.653719305
0.99544261	0.924604401	0.70241834
0.738037693	0.769752199	0.492180435
0.10823494	0.534602786	0.779497847
0.634251408	0.906543069	0.179940974
0.304423548	0.392095184	0.717408828
0.464063641	0.485255129	0.298200114
0.451891947	0.799152043	0.762222084
0.89158899	0.783883286	0.434297975
0.077031865	0.411123225	0.35874758
0.626507993	0.573285005	0.555466182
0.224789446	0.956579594	0.056519002
0.46524254	0.506262909	0.278275259
0.371086125	0.661977249	0.363712828
0.36606986	0.632901323	0.529206407
0.862768907	0.566455704	0.059093359
0.764680419	0.396808873	0.548561116
0.478165879	0.495773859	0.09699415
0.162954258	0.392994136	0.795218673
0.261997367	0.472955234	0.740189717
0.582234779	0.56130939	0.606393765
0.017199685	0.135510975	0.486919664
0.250526654	0.37710258	0.233064817
0.181962174	0.096050006	0.129030719
0.399448028	0.266950955	0.52530878
0.98908569	0.141743865	0.942107228
0.184062855	0.062839067	0.39120078
0.470938874	0.961738731	0.869959563
0.553285455	0.202638306	0.53824563
0.170714548	0.261095398	0.001398453
0.613149775	0.419569201	0.327955478
0.062718057	0.188199524	0.996359444
0.070021964	0.299082388	0.526500089
0.476900286	0.855171932	0.676084538
0.284257175	0.878573036	0.881758838
0.250376521	0.241658406	0.798989963
0.368852205	0.333498762	0.841589821
0.243096049	0.327937833	0.368897373
0.637895224	0.512814809	0.392854355
0.747473293	0.067687916	0.929292016
0.712003936	0.122240971	0.145995135
0.761964079	0.241257534	0.34329203
0.821108106	0.880881099	0.586344684
0.799767977	0.361125472	0.381195001
0.958748629	0.497557332	0.30603281
0.842576217	0.101636677	0.388694675
0.481348827	0.544859959	0.013929034
0.740155697	0.705075109	0.459556446
0.72292669	0.618543099	0.121848806
0.863556109	0.45777849	0.425599189
0.090772129	0.485131062	0.242932735
0.114149309	0.163891139	0.045786135
0.674045899	0.497436037	0.170222196
0.360449233	0.621990109	0.639372157
0.809312324	0.372232	0.208164929
0.696159402	0.892520923	0.287866492
0.982332749	0.870665107	0.209967251
0.096513385	0.609597843	0.441520012
0.63694733	0.97680635	0.556221349
0.670936141	0.429052439	0.9957311
0.735032875	0.119262532	0.762411055
0.559735776	0.47452217	0.510491623
0.421660265	0.350634511	0.556873187
0.267231122	0.870574029	0.541874745
0.192195521	0.808777441	0.384288041
0.794523721	0.019377764	0.307246194
0.250970996	0.682080625	0.741543912
0.731825247	0.406891428	0.382197311
0.555074351	0.403050872	0.433100455
0.016237899	0.738358886	0.851473002
0.04027818	0.890911473	0.156407037
0.835866425	0.679789964	0.590956053
0.79924754	0.239574521	0.340305836
0.092248354	0.802795667	0.550057504
0.156623378	0.494101382	0.268952808
0.044468806	0.843904349	0.198719296
0.243278246	0.620344558	0.875746912
0.613436356	0.449377512	0.632145801
0.610081305	0.797164546	0.418798865
0.72453929	0.7032157	0.550885442
0.692335907	0.178245859	0.427322114
0.654506354	0.899118218	0.992324506
0.616089149	0.010324742	0.920250338
0.952739101	0.265558624	0.830427676
0.952654543	0.231401427	0.231552807
0.491809764	0.834184528	0.195204067
0.900587569	0.163683435	0.800602296
0.015665034	0.217106996	0.060451927
0.913066083	0.47104577	0.523285993
0.993229388	0.299719843	0.554918014
0.045976239	0.752191688	0.295241746
0.360759756	0.664009243	0.617225267
0.713835064	0.33649174	0.63760717
0.085682931	0.01564774	0.356407581
0.815710839	0.047891334	0.043866566
0.057434291	0.826152506	0.889830007
0.664904029	0.480238293	0.574282935
0.212870978	0.112805873	0.527444877
0.510281917	0.727435928	0.696608131
0.354852178	0.545644734	0.938951424
0.220570299	0.911755338	0.652752867
0.696530995	0.862025537	0.707812549
0.615321043	0.57757149	0.528741272
0.752663195	0.865639801	0.139508535
0.508391328	0.52485199	0.328737229
0.343628102	0.994082248	0.542640239
0.169289369	0.660794653	0.03596269
0.795641515	0.460379765	0.916807008
0.424094139	0.28431719	0.360315933
0.216113207	0.06946871	0.530849962
0.199129179	0.020895069	0.545260375
0.401436908	0.554843673	0.581029987
0.108446739	0.915451117	0.773886003
0.166485377	0.336388605	0.834991519
0.957888888	0.686887498	0.797817206
0.168290111	0.682527466	0.030993407
0.74164856	0.625206828	0.004875642
0.595733353	0.820554645	0.862522601
0.528164694	0.972347039	0.045355169
0.721542691	0.664254519	0.210168065
0.24191099	0.876371423	0.653152329
0.567315653	0.652059622	0.825354825
0.559742154	0.593639362	0.256800782
0.33821038	0.266954619	0.399872154
0.816719294	0.057795721	0.831977756
0.182289143	0.742776832	0.392327855
0.953649129	0.85381431	0.499834084
0.867819502	0.023723799	0.736201713
0.905054493	0.241713838	0.142761881
0.352670904	0.937105375	0.548041584
0.100827624	0.315856228	0.681230355
0.629240819	0.861428869	0.262373309
0.274932222	0.57284727	0.377477723
0.764756127	0.263670171	0.425734018
0.553467683	0.548622779	0.150106019
0.76573432	0.611741661	0.167461768
0.760554875	0.181171157	0.310873553
0.908530872	0.837569498	0.234631171
0.152148816	0.198835375	0.880799134
0.925183963	0.02842069	0.032574962
0.694610104	0.976373176	0.745083882
0.461743162	0.831569579	0.51759586
0.980171335	0.189221401	0.268518651
0.741790156	0.822387762	0.465318173
0.044848448	0.031579165	0.760909688
0.788599181	0.870401261	0.129486562
0.477149492	0.66694758	0.977246571
0.376907467	0.696684018	0.916209336
0.04569364	0.165412896	0.319560735
0.383103856	0.124673177	0.144157537
0.280376999	0.977032716	0.310629938
0.843661929	0.686932581	0.195109086
0.233561615	0.567369556	0.43866243
0.30977311	0.151049637	0.051387955
0.101365207	0.581615034	0.733183116
0.48005802	0.350039207	0.681806264
0.449582593	0.924570919	0.763512524
0.058056064	0.482524567	0.718415984
0.095410135	0.298972553	0.032519951
0.923502262	0.533625689	0.9824418
0.617704839	0.89648071	0.801415134
0.776626774	0.966184825	0.33690814
0.186925824	0.95957724	0.080160784
0.322951528	0.203197171	0.081811902
0.956169131	0.815510901	0.751611224
0.981571484	0.667177601	0.671506399
0.910684422	0.315646069	0.390423041
0.159640807	0.849358527	0.280757369
0.041718928	0.737589893	0.670012524
0.232216304	0.424391651	0.393573195
0.841630954	0.275255125	0.648075857
0.853887387	0.638908332	0.442012259
0.963930132	0.152055212	0.883996496
0.900997721	0.229478259	0.863551871
0.286587073	0.871585311	0.588213873
0.184609942	0.007853001	0.673903689
0.212799951	0.870728075	0.324462535
0.353190384	0.971526898	0.162577722
0.574714074	0.024558376	0.034428677
0.294176751	0.383864359	0.762215971
0.599042911	0.388892738	0.446392099
0.609263601	0.91147073	0.825516444
0.541160647	0.643323681	0.29233244
0.912785579	0.725739649	0.572230572
0.778344052	0.625691909	0.632803202
0.428885133	0.211592194	0.290975514
0.432107214	0.235347063	0.426148726
0.195345306	0.930847671	0.223882925
0.296729446	0.896324139	0.152820176
0.981431227	0.524637831	0.501531032
0.285705238	0.880430595	0.021178315
0.434737482	0.649705914	0.625409045
0.840318658	0.28386828	0.910803873
0.825976189	0.782988788	0.697014104
0.499735866	0.358442842	0.904670437
0.262187502	0.769553635	0.961204059
0.430667016	0.38602691	0.617850047
0.9218911	0.634898722	0.067177164
0.142346037	0.374256389	0.265272128
0.038423323	0.180133056	0.936807475
0.827564688	0.529010622	0.464833703
0.399175579	0.338593144	0.949422451
0.647660333	0.920471094	0.431531093
0.244728785	0.096994753	0.65564595
0.059640332	0.687677892	0.676182113
0.255529592	0.229654949	0.064424585
0.975791202	0.948460981	0.998715942
0.172125137	0.598411063	0.417281264
0.278117983	0.560531824	0.389415559
0.651860158	0.449777433	0.393367752
0.518147703	0.392062648	0.104695134
0.049379661	0.272268115	0.916628839
0.950910593	0.758058594	0.996727576
0.566598824	0.760690001	0.805868201
0.658747314	0.621076095	0.044180506
0.533838158	0.848869399	0.606297123
0.843709349	0.033774326	0.385720081
0.480367717	0.941556176	0.082682764
0.133707147	0.844453995	0.558540464
0.95886741	0.316806819	0.247401137
0.231398734	0.783196965	0.804428776
0.107370799	0.006387261	0.906959486
0.481120693	0.553591254	0.588186479
0.147226672	0.336037788	0.023785038
0.285451706	0.374761265	0.848550392
0.635874129	0.455798234	0.6897957
0.210329758	0.505628438	0.770862279
0.473527896	0.562666928	0.675709571
0.368590169	0.694357973	0.445246579
0.654805438	0.357764388	0.763523719
0.868942293	0.441509539	0.365324914
0.735063065	0.82084299	0.995864868
0.518204406	0.749681392	0.810458389
0.096567653	0.607879493	0.660155718
0.851508219	0.464199386	0.929387733
0.739543673	0.140603152	0.883359406
0.635637739	0.239548497	0.564134277
0.042744381	0.23942321	0.21688439
0.375043742	0.078340101	0.008565805
0.753430127	0.817470565	0.982512062
0.426769484	0.052570645	0.829842164
0.679624429	0.737214664	0.040041199
0.754908335	0.788859014	0.31102715
0.035352141	0.795040927	0.506191978
0.304654994	0.709422416	0.26939038
0.870889397	0.973999802	0.581155278
0.095871609	0.154760498	0.753787345
0.46764069	0.440950043	0.973157962
0.514898889	0.008447177	0.992224415
0.644830673	0.097191435	0.18294209
0.38659287	0.575849574	0.206882316
0.947680062	0.392406578	0.754891603
0.966385142	0.016926508	0.737642325
0.053157374	0.487965787	0.213420155
0.951478668	0.835734539	0.353739986
0.096236568	0.165617503	0.425849003
0.205354568	0.671890595	0.646214043
0.804056147	0.473780337	0.486637851
0.981615476	0.205119615	0.458333525
0.918228773	0.654141908	0.606835148
0.591276876	0.863411742	0.735139812
0.230038397	0.287887762	0.644285996
0.133935008	0.424400294	0.140437186
0.800194281	0.109365096	0.419674276
0.863426443	0.169025738	0.457304188
0.259593868	0.734941553	0.196741693
0.71116168	0.906547188	0.010866701
0.828157036	0.389877876	0.501726679
0.966613048	0.843813942	0.894120974
0.170606929	0.128821323	0.869399166
0.611558391	0.996793316	0.410791867
0.863147897	0.326343319	0.459691416
0.108641722	0.561784635	0.255319227
0.73179121	0.458733972	0.660374545
0.406179265	0.408031255	0.670540547
0.63181019	0.497671904	0.452129709
0.074490005	0.461551538	0.421466786
0.624272375	0.83293955	0.630184812
0.974697055	0.724939515	0.830546872
0.086885218	0.501980233	0.803104585
0.018296313	0.620036283	0.558648461
0.935741032	0.903328411	0.351593669
0.974709673	0.0232605	0.511497266
0.798680168	0.672494798	0.060630594
0.585648844	0.091317533	0.524481532
0.061593885	0.794836193	0.996433172
0.052642672	0.028726487	0.464095208
0.544821989	0.435082122	0.375655828
0.578909932	0.815039662	0.363075491
0.968662445	0.496827019	0.739998613
0.331187174	0.059493908	0.112189505
0.28618948	0.632504479	0.893255527
0.134002234	0.059540962	0.795243007
0.812830979	0.188587407	0.485895984
0.024877784	0.123793881	0.470267185
0.268097183	0.19015881	0.33665383
0.554776926	0.151241216	0.821396896
0.556350028	0.191741759	0.708564747
0.251874053	0.881369149	0.611828148
0.839970215	0.152674867	0.648490752
0.911540129	0.629431136	0.754837677
0.282046988	0.109699322	0.120809477
0.850092964	0.36540564	0.482166
0.008098548	0.693831515	0.39805867
0.126129575	0.48284122	0.901361778
0.988830442	0.858648409	0.832450833
0.609998116	0.557316242	0.740814953
0.88813735	0.617904251	0.367487676
0.86038743	0.965646629	0.440748411
0.510374334	0.189447902	0.454221198
0.224959209	0.392931923	0.78273328
0.277068554	0.791673951	0.450116354
0.479920226	0.421765203	0.59265887
0.925025683	0.920129417	0.518693715
0.649843369	0.15268961	0.650494251
0.107483454	0.808633053	0.279739224
0.886907085	0.472461414	0.438984118
0.132735593	0.054092958	0.793472621
0.277721484	0.68728149	0.037977795
0.02933013	0.777855632	0.065431005
0.749824672	0.06027988	0.185343781
0.81662156	0.42329542	0.50826761
0.565674343	0.129840087	0.764043853
0.461427262	0.512301306	0.846785831
0.066402147	0.71907987	0.631533238
0.461880554	0.878654789	0.431805024
0.989520269	0.553290508	0.277709711
0.5042645	0.039137163	0.651088699
0.492968637	0.76286078	0.882853362
0.356754561	0.11179534	0.86613266
0.841663366	0.466191683	0.026783554
0.336904299	0.074532178	0.790585166
0.288402663	0.024778138	0.015079672
0.959149548	0.235878681	0.627234351
0.697139438	0.492614393	0.21604747
0.620250472	0.17437398	0.079217354
0.267732936	0.932368358	0.996397715
0.965839277	0.603740044	0.594142865
0.657655574	0.004047138	0.806543165
0.479876916	0.323524259	0.482149523
0.094994462	0.102102413	0.889168234
0.828017725	0.977331176	0.950847102
0.554958387	0.553848407	0.608854092
0.867480829	0.231945494	0.793485532
0.197104226	0.482045122	0.871693527
0.117715416	0.408509562	0.913070662
0.803231652	0.10729189	0.702640613
0.537629927	0.051910773	0.006755169
0.553252299	0.780880717	0.485164996
0.187296994	0.17033961	0.017344493
0.698182807	0.813627358	0.335719053
0.535752366	0.036568357	0.16481883
0.10257309	0.73553731	0.401420653
0.154564617	0.539181075	0.956196367
0.565554134	0.432594401	0.716993853
0.403928377	0.287692	0.116853724
0.046247227	0.842385009	0.494841442
0.321534309	0.249233642	0.609141688
0.355351741	0.05868414	0.545498166
0.038509037	0.38961378	0.134525106
0.623733655	0.329574897	0.76925617
0.764795845	0.353770175	0.478186714
0.048832975	0.856005589	0.893488929
0.188854432	0.615084244	0.278239029
0.210188005	0.780168843	0.247031319
0.618136227	0.308968544	0.255923725
0.133627732	0.459274667	0.805994908
0.275397839	0.26628199	0.296600974
0.891756481	0.50050063	0.33804681
0.500014975	0.895197083	0.60963326
0.300225568	0.228310773	0.755310611
0.098696591	0.251820611	0.142402877
0.071183792	0.667535101	0.017156204
0.815939265	0.169489771	0.952095964
0.625448126	0.93499614	0.212930133
0.513499075	0.686494776	0.734071499
0.430275037	0.859820275	0.966658665
0.438523687	0.05606029	0.964082648
0.894434865	0.839041467	0.987435128
0.873754456	0.063587023	0.323798936
0.144230262	0.466817516	0.085832754
0.461988653	0.441828207	0.047744928
0.855646473	0.720371146	0.808877625
0.520161067	0.402563414	0.120237696
0.018467399	0.166900382	0.086465636
0.458672335	0.408083706	0.240982048
0.428168902	0.965716973	0.216109879
0.47352108	0.283253826	0.189909187
0.56812171	0.034491679	0.729236972
0.354139545	0.620373954	0.69677968
0.714482886	0.317609432	0.669631709
0.654749208	0.949663294	0.871120806
0.921897095	0.548046596	0.019134795
0.343401486	0.572128179	0.769532003
0.264489381	0.334758483	0.98749615
0.958383431	0.389785753	0.802466876
0.508190542	0.044139689	0.853955408
0.572933322	0.613943912	0.969602197
0.955077283	0.532876217	0.076627527
0.893259123	0.442208385	0.643979855
0.642164569	0.451489821	0.499024844
0.79465225	0.315797025	0.128415622
0.354604572	0.230249466	0.709326673
0.336842832	0.039911499	0.910645535
0.57265444	0.694387538	0.513048176
0.844915455	0.685266012	0.940873124
0.630918354	0.688692034	0.055771522
0.295405329	0.422650929	0.378720767
0.479644388	0.808603748	0.676566533
0.004786554	0.606381421	0.554303564
0.106088625	0.12157811	0.949645657
0.693854555	0.762072192	0.034190843
0.949646068	0.087276069	0.020315485
0.154467228	0.635481987	0.935832115
0.292837469	0.709411869	0.661285842
0.836403367	0.941571829	0.59723313
0.799667904	0.037634967	0.942800381
0.88836105	0.855712492	0.065725955
0.487610463	0.659870932	0.27076121
0.269259971	0.190447596	0.819754979
0.797999559	0.634062255	0.652094042
0.627543168	0.776490941	0.296357321
0.28430888	0.534146302	0.806823322
0.338322894	0.186916727	0.579027518
0.341122854	0.817839238	0.154498059
0.028861746	0.175363664	0.519802966
0.773765607	0.873349293	0.02712184
0.688179773	0.469492004	0.995295011
0.202890589	0.647197973	0.91912807
0.073917975	0.783029442	0.085181204
0.378557943	0.899860792	0.763689182
0.849060331	0.451315927	0.960210816
0.807483355	0.372928106	0.532612854
0.28218903	0.684315926	0.216036754
0.7180979	0.465508457	0.110076115
0.059147016	0.534968128	0.009694966
0.689814633	0.367215708	0.612954068
0.744257403	0.196380794	0.591596957
0.779448862	0.302063318	0.07184483
0.903840911	0.551403451	0.43358756
0.922411717	0.234412749	0.315036765
0.215678964	0.850064026	0.923307176
0.906166063	0.077675927	0.584241042
0.110760169	0.041668186	0.809404304
0.867348597	0.146477013	0.962232144
0.90823438	0.473202653	0.067203
0.074854188	0.503221248	0.405005849
0.803165173	0.12427704	0.769976256
0.979478953	0.429152435	0.199440187
0.090302798	0.280533818	0.698634769
0.02628976	0.824898353	0.521958925
0.801056323	0.501206294	0.687989744
0.650042605	0.644702273	0.107014842
0.303968418	0.548254777	0.664688649
0.950175228	0.043686064	0.242003033
0.543020146	0.629111734	0.147764245
0.994758756	0.950260144	0.093874043
0.363789167	0.797648044	0.077622043
0.615953297	0.859754813	0.051053708
0.191161372	0.600386354	0.348092196
0.267155928	0.971568891	0.092448212
0.880691598	0.773996381	0.395811681
0.196617873	0.456941451	0.886333278
0.078605789	0.935143482	0.968038107
0.83889523	0.111733382	0.114580595
0.178890674	0.477235443	0.913727925
0.33239479	0.263773009	0.522708152
0.004161431	0.401266357	0.784667966
0.17644725	0.339094302	0.095968894
0.341174131	0.030403172	0.583611001
0.421202404	0.418634218	0.007512925
0.886936964	0.728620718	0.831855236
0.348380702	0.662138682	0.378395907
0.485624795	0.076608676	0.340709092
0.275255836	0.029670871	0.502042548
0.947361079	0.85566038	0.636188046
0.281696087	0.062865997	0.9948464
0.482092961	0.512634019	0.676504198
0.876007032	0.001294065	0.230071873
0.338068449	0.755726334	0.687602763
0.804837079	0.880848647	0.260780057
0.584524695	0.630685089	0.855916694
0.17569025	0.719116246	0.718895861
0.222882847	0.175338362	0.878694646
0.591553661	0.690143514	0.459715546
0.301231366	0.434916536	0.632802273
0.022689891	0.112581405	0.082246614
0.894097087	0.73971358	0.346008836
0.559962227	0.766848354	0.529566501
0.796403878	0.414729532	0.407285685
0.908595627	0.866415775	0.450612867
0.688965585	0.275630818	0.382478858
0.263355378	0.852841702	0.067445883
0.536382369	0.231051681	0.205849231
0.893494091	0.654648288	0.479905046
0.534060359	0.724587922	0.815570243
0.299090451	0.399660935	0.913618634
0.772074546	0.101898387	0.836350541
0.518749953	0.035245806	0.111647896
0.157935475	0.159343493	0.869552577
0.55494189	0.787734471	0.676508636
0.275359	0.920814188	0.983885746
0.857035741	0.721856535	0.371604681
0.785184089	0.878853328	0.567736993
0.466124343	0.063115049	0.044540594
0.991590435	0.28062993	0.178448617
0.435722458	0.456305058	0.799146886
0.282524014	0.032992987	0.68905826
0.572024441	0.686543433	0.246925034
0.070419294	0.315737621	0.48761544
0.705759242	0.04933622	0.110440611
0.848780348	0.323117664	0.089331007
0.697674595	0.433797881	0.658672133
0.830593468	0.552615056	0.413307947
0.023047953	0.794976705	0.804291459
0.2743861	0.450078377	0.495513797
0.391258858	0.17309324	0.371056222
0.396650954	0.942670418	0.626748094
0.043155042	0.664640151	0.421617909
0.075687426	0.469584507	0.317460416
0.125227325	0.769807193	0.775037257
0.594740963	0.25804725	0.436435031
0.355667715	0.421895289	0.49714998
0.678670854	0.595891156	0.377632861
0.451254754	0.357803886	0.67177716
0.983289518	0.022358877	0.653557552
0.169049385	0.135255706	0.761069434
0.531453964	0.883027738	0.793613896
0.575769295	0.78734954	0.671644829
0.617854645	0.095287749	0.481512472
0.971768295	0.061937419	0.52247044
0.570438584	0.535505577	0.195015999
0.09317573	0.280976582	0.945028288
0.779874713	0.336772184	0.752927459
0.440343825	0.558169488	0.814466455
0.26872863	0.587992099	0.957075389
0.609283877	0.763739057	0.832985903
0.432639693	0.994998902	0.849688813
0.507319751	0.082292794	0.407714676
0.215321274	0.787927538	0.93844789
0.450223151	0.938747106	0.515338775
0.975245816	0.251233618	0.575968702
0.503386469	0.144356411	0.509531262
0.611964033	0.5918622	0.83695966
0.448557679	0.494345804	0.923519097
0.333394185	0.585090905	0.46670349
0.439175091	0.084380076	0.060702648
0.15180325	0.44232146	0.928478939
0.791171587	0.540689424	0.870903612
0.064915969	0.331766312	0.735644719
0.597416784	0.818046973	0.757628132
0.58673507	0.91001957	0.302275818
0.638653239	0.53219584	0.376567498
0.50306057	0.269489111	0.638731158
0.154326074	0.311099922	0.073569337
0.476975451	0.103578547	0.681626677
0.832371088	0.025734975	0.881975611
0.224440943	0.338633429	0.015069983
0.820466315	0.974895893	0.779477516
0.143397558	0.374652133	0.401863384
0.077367009	0.741278507	0.066065783
0.575600865	0.387008458	0.771060273
0.042868704	0.709323675	0.163352778
0.169077158	0.49949811	0.890886269
0.113455829	0.028936852	0.031733043
0.737788511	0.940012014	0.478838476
0.887139451	0.631316192	0.20841295
0.595264559	0.006943967	0.968327019
0.27167411	0.233362946	0.650587327
0.601446745	0.760548675	0.589437739
0.830250847	0.843811143	0.615136804
0.948285797	0.250595053	0.247075151
0.71202318	0.535239713	0.764470073
0.806086511	0.714172083	0.490070544
0.801193545	0.021582533	0.523361709
0.11277842	0.809195243	0.633712661
0.329056993	0.430563712	0.161244043
0.990757774	0.919729271	0.518504493
0.636154456	0.852751305	0.165520544
0.639784004	0.473368877	0.137927454
0.219465161	0.282788844	0.322288317
0.996095506	0.274506906	0.812974096
0.652131373	0.274032281	0.106465709
0.229928744	0.080903437	0.106852975
0.268403356	0.871729907	0.947072042
0.40203546	0.955743529	0.747507458
0.481805842	0.224079837	0.621636022
0.484250587	0.209831262	0.201042164
0.76057073	0.952418941	0.331573692
0.879886057	0.919587043	0.851684104
0.700978663	0.959553794	0.407319134
0.398106358	0.270970974	0.84644848
0.015980982	0.276706574	0.395251502
0.193377408	0.675611663	0.826489564
0.737643732	0.604493098	0.841774315
0.702286015	0.375928702	0.510407786
0.945049351	0.752021313	0.215598719
0.90999887	0.816046255	0.600884191
0.264444347	0.919039543	0.567595657
0.345081786	0.351179472	0.605632716
0.321245971	0.325489995	0.309219928
0.506156312	0.791187317	0.178747185
0.875510069	0.88942404	0.886537718
0.39497704	0.75305478	0.411236047
0.45508524	0.348049308	0.652581005
0.376585767	0.214757077	0.891482786
0.400329294	0.392296298	0.112760292
0.503379708	0.223914071	0.068703164
0.722724281	0.036693947	0.589574425
0.303929282	0.246502316	0.990292666
0.973100586	0.404514424	0.313848575
0.125618788	0.518369165	0.428644656
0.08176046	0.275913368	0.389355788
0.638044704	0.178299544	0.275870436
0.849264271	0.452946283	0.584543962
0.644624177	0.129452479	0.099968347
0.959432253	0.688288435	0.067828294
0.649624918	0.051449018	0.899953734
0.155860661	0.30517832	0.847027713
0.050140951	0.005593927	0.390139556
0.29124427	0.105781135	0.327316419
0.594164853	0.723236596	0.2945002
0.360626358	0.190128958	0.731692935
0.360065399	0.83845511	0.67564252
0.658888579	0.949983515	0.416572217
0.959998017	0.259389786	0.032260634
0.658079637	0.043263768	0.413499179
0.903636925	0.157781021	0.203391007
0.233692925	0.791065712	0.338563471
0.211165341	0.869104769	0.398118102
0.04306515	0.244964395	0.023929415
0.309295208	0.579503943	0.362829132
0.286794772	0.257081432	0.65322138
0.024759367	0.482681596	0.72285665
0.618951569	0.027412974	0.077308115
0.428068556	0.163285956	0.570420762
0.192636857	0.999478235	0.59872019
